1122222111122221112222116
1222222111222221111122216
1112222211122221112222116
1111222111222211112222116
1222221111222111111222216
1122222111222222111122226
1222222111222222112222116
1122222111122221112222116
1222222111222221111122216
1112222211122222112222116
1222221111222111111222216
1122222111222222111122226
1222222111222221112222116
1111222111222211122222116
1122221111121111112222116
1122221111222211112222116
1122221111222211111211116
1122222111222211122222216
1112111111122211111222116
1112222111222211112222116
1122222111122221112222116
1222222111222221111122216
1112222211122222112222216
1222222111222111111222216
1122222111222222112122226
1222222111222222112222116
1122221111121111112222116
1122222111222211122222216
1112111111122211111222116
1122221111222111111211116
1122221111121111112222116
1122221111222211112222116
1122221111222211111211116
1112222211122211112222116
1111222111122221111122216
1111112211122121111121216
1222211111121111112211116
1122211111222111111221216
1122221111222211111221116
1122222111222211122222216
1112111111122211111222116
1122221111222211112222116
1122221111222211111211116
1112222211122211112222116
1111222111122221111122216
1111112211122111111121216
1122221111222211111211116
1112222111122211112222116
1111222111122221111122216
1222211111122111111211116
1122211111221111111221216
1111112211122111111121216
1222211111121111111211116
1122211111221111111221216
1112222111122222111222227
1112222111222211111122217
2222222211122222111222117
1122221111122211111222117
1122221111121111112222117
1122221211111111111122117
1111111211122211111222117
1122221112222222122222217
1221111111222211112222217
1122111111122111111221217
1122212211112121111111227
1122111111122111111221117
1112111112222221112221117
1122221111222111111211117
1122221111121111111221117
1122221122221112222211117
1112221111122211111222217
1112222111222211112222217
1222221111122221112222117
1112222111122211112222117
1122211111221111111122217
1112222211112221112222117
1111221111121111111211117
1122221111122221122222117
1122221111121111111211117
1122221122221111222211117
1112221111122211111222217
1112222111122222111222227
1112222111222211111122217
2222222211122222211222117
1122221111122211111222117
1112222111122211112222217
1122222111122211111222217
1222111111222211112222217
1122111111222111111221217
1122212211112122111111227
1122211111122111111221117
1122212111222111112221117
1112222211222222111221227
1112212211112222111112127
1122212122222222111122227
1111211111112121111221227
1111111211222111111112227
1112212211122211112221217
2222121122211212222221227
1111212111222111111112227
1122211111122111111222227
1112211111222121111221227
1122212211111222111222227
1111111211222111111112227
1112212211121111112221217
2222121122211212222221227
1111212111222111111112227
1122211111122111111122227
1112212111121111111112227
1222212211222222111221227
1111111211222111111112227
1112212211122211112221217
2222121122211212222221227
1111212111222111111112227
1122212111122222112221227
1122222212222122111221217
1122212111112222111122227
1111212111222111111122227
1122211111122111111221227
1122221112222111111222118
1122221111222211112222218
1122221111121111111222218
1122221111122221111222228
1122221111222211111222118
1111112211222211122211118
1122221111222221111222228
1111112211222211222211118
1122211111221111112221118
1122221111121111111222218
1111122211222111222211118
1122221111122221111222228
1122211111221111212221118
1122221112222111111222118
1122221111222211112222218
1122221111222211112222118
1122221111121111111222218
1122221111121111111222218
1122221111122221111222228
1122221111222211112222118
1122221111222211111222118
1122221112222111111222118
1122221111222211112222218
1122211111221111112221118
1111112211222211122211118
1122211111221111112221118
1122221111121111111222218
1122221111122221111222228
1122211111221111112221118
1122221111121111111222218
1122211111221111112221118
1111112211222211122211118
1122211111221111112221118
1111122211222111222211118
1122221111222211111222118
1122221111122221111222228
1122221111222211112222118
1122221111222211111222118
1111112211222211122211118
1122221111222221111222228
1122221112222111111222118
1122221111222211112222218
1122221111222211112222118
1122221111121111111222218
1111112211222211222211118
1122221111122221111222228
1122211111221111212221118
1122221111121111111222218
1112222112222221111222219
1122221111222111112222119
1122221111121111112222119
1111111211122222111111129
1122221111222211111222219
1122221111221111112222219
1222221122222222111222219
1122222122221111122222229
1112222111112222111222229
1122111111122111111122119
1122221111122222111122229
1222111111222211112222119
1112222111112222111122229
1122221111222111112222119
1122222111122221111222219
2222111122221111112222229
1122212111222121122221229
1111212211112122111121229
1111111111122222111122229